K-P-N
P K N -1
1-1-400
1 1 400 330.8118
1-2-564
2 1 564 320.1630
2-4-800
4 2 800 325.2984
4-8-1128
8 4 1128 326.4602
4-16-1600
16 4 1600 335.4073
4-24-1960
24 4 1960 343.8494
8-64-3200
64 8 3200 360.8479
1-1-400
1 1 400 341.6087
1-2-564
2 1 564 331.1454
2-4-800
4 2 800 334.7652
4-8-1128
8 4 1128 662.1228
4-16-1600
16 4 1600 669.8964
4-24-1960
24 4 1960 673.3279
8-64-3200
64 8 3200 691.3319
1-12-1920
12 1 1920 335.3788
2-24-1920
24 2 1920 175.8832
4-48-1920
48 4 1920 96.4529
8-96-1920
96 8 1920 59.7265
10-120-1920
120 10 1920 48.4626
10-240-1920
240 10 1920 41.2704
1-12-1920
12 1 1920 650.5404
2-24-1920
24 2 1920 329.8957
4-48-1920
48 4 1920 168.9369
8-96-1920
96 8 1920 89.7679
10-120-1920
120 10 1920 73.5001
10-240-1920
240 10 1920 57.3839
1-10-200
10 1 200 17.3721
2-10-200
10 2 200 15.5712
3-10-200
10 3 200 19.1958
4-10-200
10 4 200 21.5839
6-10-200
10 6 200 23.6169
8-10-200
10 8 200 23.5650
10-10-200
10 10 200 34.1423
1-10-200
10 1 200 23.6045
2-10-200
10 2 200 23.8752
3-10-200
10 3 200 24.2073
4-10-200
10 4 200 24.5406
6-10-200
10 6 200 24.7118
8-10-200
10 8 200 24.7118
10-10-200
10 10 200 26.1586
1-10-200
10 1 200 23.6045
2-10-200
10 2 200 23.8752
3-10-200
10 3 200 24.2073
4-10-200
10 4 200 24.5406
6-10-200
10 6 200 24.7118
8-10-200
10 8 200 24.7118
10-10-200
10 10 200 26.1586
